from_stop_id,to_stop_id,transfer_type,min_transfer_time
364798,364797,3,
364798,364794,3,
364798,364795,3,
364798,364768,3,
364798,364766,3,
364798,364764,3,
364798,364760,3,
364798,364775,3,
364798,364809,3,
364798,364792,3,
364798,364790,3,
364798,364800,3,
364798,364788,3,
364798,364806,3,
364798,364807,3,
364798,364808,3,
364798,364801,3,
364798,364802,3,
364798,364803,3,
364798,hbeh,3,
364798,364759,3,
364798,364804,3,
364798,rd27,3,
364798,3i48,3,
364798,p1rq,3,
364798,69rr,3,
364798,364799,3,
364798,e5jq,3,
364798,STOP_5e72748e-99dd-43c0-9e79-0773a4afd1cd,3,
364798,364767,3,
364798,q0fo,3,
364798,STOP_13581b6a-1760-4862-8bfc-6955a15a6fde,3,
364798,x2b2,3,
364798,7uue,3,
364797,364798,3,
364797,364794,3,
364797,364795,3,
364797,364768,3,
364797,364775,3,
364797,364809,3,
364797,364792,3,
364797,364790,3,
364797,364800,3,
364797,364808,3,
364797,364801,3,
364797,364802,3,
364797,364759,3,
364797,rd27,3,
364797,364799,3,
364797,364796,3,
364797,STOP_d7467004-6a75-4c81-9d0b-a37a8ed87bdc,3,
364797,STOP_5e72748e-99dd-43c0-9e79-0773a4afd1cd,3,
364797,364767,3,
STOP_ddc1d189-e791-4529-a4d3-360499fe0ce8,364770,3,
STOP_ddc1d189-e791-4529-a4d3-360499fe0ce8,364780,3,
STOP_ddc1d189-e791-4529-a4d3-360499fe0ce8,364773,3,
STOP_ddc1d189-e791-4529-a4d3-360499fe0ce8,364776,3,
STOP_ddc1d189-e791-4529-a4d3-360499fe0ce8,364778,3,
STOP_ddc1d189-e791-4529-a4d3-360499fe0ce8,364779,3,
STOP_ddc1d189-e791-4529-a4d3-360499fe0ce8,364781,3,
STOP_ddc1d189-e791-4529-a4d3-360499fe0ce8,364777,3,
STOP_ddc1d189-e791-4529-a4d3-360499fe0ce8,c50g,3,
STOP_ddc1d189-e791-4529-a4d3-360499fe0ce8,364771,3,
364794,364798,3,
364794,364797,3,
364794,364795,3,
364794,364768,3,
364794,364760,3,
364794,364775,3,
364794,364809,3,
364794,364792,3,
364794,364790,3,
364794,364800,3,
364794,364806,3,
364794,364807,3,
364794,364808,3,
364794,364801,3,
364794,364802,3,
364794,364803,3,
364794,hbeh,3,
364794,364759,3,
364794,364804,3,
364794,rd27,3,
364794,p1rq,3,
364794,69rr,3,
364794,364799,3,
364794,e5jq,3,
364794,364796,3,
364794,STOP_d7467004-6a75-4c81-9d0b-a37a8ed87bdc,3,
364794,STOP_5e72748e-99dd-43c0-9e79-0773a4afd1cd,3,
364794,364767,3,
364794,q0fo,3,
364794,STOP_13581b6a-1760-4862-8bfc-6955a15a6fde,3,
364794,x2b2,3,
364794,7uue,3,
364758,364753,3,
364758,364755,3,
364758,364756,3,
364758,STOP_0bb67a21-f462-47cf-b583-bbf05609b1e2,3,
364758,STOP_4b1efeed-c2fb-4934-b3e5-ff5e96084f5c,3,
364758,STOP_aaa24966-5097-4b44-a581-47bfc1e3e7ac,3,
364758,364746,3,
364758,364744,3,
364758,STOP_8518fa5c-6605-499b-8d8f-f212377f3c62,3,
364758,STOP_f5bf6e93-f408-4925-a8f7-880ec2c7f013,3,
364795,364798,3,
364795,364797,3,
364795,364794,3,
364795,364768,3,
364795,364769,3,
364795,364774,3,
364795,364775,3,
364795,364792,3,
364795,364790,3,
364795,364800,3,
364795,364807,3,
364795,364808,3,
364795,364759,3,
364795,364799,3,
364795,364796,3,
364795,STOP_5e72748e-99dd-43c0-9e79-0773a4afd1cd,3,
364795,364767,3,
364795,STOP_13581b6a-1760-4862-8bfc-6955a15a6fde,3,
364795,x2b2,3,
364753,364758,3,
364753,364754,3,
364753,364755,3,
364753,364756,3,
364753,STOP_0bb67a21-f462-47cf-b583-bbf05609b1e2,3,
364753,STOP_aaa24966-5097-4b44-a581-47bfc1e3e7ac,3,
364753,STOP_8518fa5c-6605-499b-8d8f-f212377f3c62,3,
364753,3p9g,3,
364754,364753,3,
364754,364755,3,
364754,3p9g,3,
364755,364758,3,
364755,364753,3,
364755,364754,3,
364755,364756,3,
364755,364751,3,
364755,STOP_0bb67a21-f462-47cf-b583-bbf05609b1e2,3,
364755,STOP_4b1efeed-c2fb-4934-b3e5-ff5e96084f5c,3,
364755,STOP_aaa24966-5097-4b44-a581-47bfc1e3e7ac,3,
364755,364744,3,
364755,STOP_8518fa5c-6605-499b-8d8f-f212377f3c62,3,
364755,3p9g,3,
364755,STOP_f5bf6e93-f408-4925-a8f7-880ec2c7f013,3,
364756,364758,3,
364756,364753,3,
364756,364755,3,
364756,364751,3,
364756,STOP_0bb67a21-f462-47cf-b583-bbf05609b1e2,3,
364756,STOP_4b1efeed-c2fb-4934-b3e5-ff5e96084f5c,3,
364756,STOP_aaa24966-5097-4b44-a581-47bfc1e3e7ac,3,
364756,364746,3,
364756,364744,3,
364756,STOP_fb97980b-5bcf-4c80-8e64-09de1c6358eb,3,
364756,STOP_8518fa5c-6605-499b-8d8f-f212377f3c62,3,
364756,3p9g,3,
364756,STOP_f5bf6e93-f408-4925-a8f7-880ec2c7f013,3,
364750,STOP_512e3bb4-a26d-474c-8ec1-ca3edb608d75,3,
364750,STOP_cf45d44f-1408-4095-8d41-acb100f6c296,3,
364750,STOP_fb97980b-5bcf-4c80-8e64-09de1c6358eb,3,
364750,STOP_c9fdaa14-1699-47fc-99af-d886d22c9431,3,
364750,STOP_1b9f05b4-3df1-4213-b79b-3691ae2b29a2,3,
364751,364755,3,
364751,364756,3,
364751,STOP_0bb67a21-f462-47cf-b583-bbf05609b1e2,3,
364751,STOP_4b1efeed-c2fb-4934-b3e5-ff5e96084f5c,3,
364751,STOP_aaa24966-5097-4b44-a581-47bfc1e3e7ac,3,
364751,364746,3,
364751,STOP_fb97980b-5bcf-4c80-8e64-09de1c6358eb,3,
364751,3p9g,3,
364751,STOP_f5bf6e93-f408-4925-a8f7-880ec2c7f013,3,
364770,STOP_ddc1d189-e791-4529-a4d3-360499fe0ce8,3,
364770,364780,3,
364770,364773,3,
364770,364776,3,
364770,364778,3,
364770,364779,3,
364770,364781,3,
364770,364777,3,
364770,c50g,3,
364770,364771,3,
STOP_0bb67a21-f462-47cf-b583-bbf05609b1e2,364758,3,
STOP_0bb67a21-f462-47cf-b583-bbf05609b1e2,364753,3,
STOP_0bb67a21-f462-47cf-b583-bbf05609b1e2,364755,3,
STOP_0bb67a21-f462-47cf-b583-bbf05609b1e2,364756,3,
STOP_0bb67a21-f462-47cf-b583-bbf05609b1e2,364751,3,
STOP_0bb67a21-f462-47cf-b583-bbf05609b1e2,STOP_0bb67a21-f462-47cf-b583-bbf05609b1e2,1,
STOP_0bb67a21-f462-47cf-b583-bbf05609b1e2,STOP_4b1efeed-c2fb-4934-b3e5-ff5e96084f5c,3,
STOP_0bb67a21-f462-47cf-b583-bbf05609b1e2,STOP_aaa24966-5097-4b44-a581-47bfc1e3e7ac,3,
STOP_0bb67a21-f462-47cf-b583-bbf05609b1e2,364746,3,
STOP_0bb67a21-f462-47cf-b583-bbf05609b1e2,364744,3,
STOP_0bb67a21-f462-47cf-b583-bbf05609b1e2,STOP_8518fa5c-6605-499b-8d8f-f212377f3c62,3,
STOP_0bb67a21-f462-47cf-b583-bbf05609b1e2,STOP_f5bf6e93-f408-4925-a8f7-880ec2c7f013,3,
364768,364798,3,
364768,364797,3,
364768,364794,3,
364768,364795,3,
364768,364769,3,
364768,364780,3,
364768,364774,3,
364768,364773,3,
364768,364776,3,
364768,364775,3,
364768,364796,3,
364768,STOP_5e72748e-99dd-43c0-9e79-0773a4afd1cd,3,
364768,364767,3,
364768,STOP_13581b6a-1760-4862-8bfc-6955a15a6fde,3,
364768,x2b2,3,
364768,go4g,3,
364769,364795,3,
364769,364768,3,
364769,364780,3,
364769,364774,3,
364769,364773,3,
364769,364776,3,
364769,364775,3,
364769,364796,3,
364769,STOP_5e72748e-99dd-43c0-9e79-0773a4afd1cd,3,
364769,go4g,3,
364766,364798,3,
364766,364764,3,
364766,364765,3,
364766,364763,3,
364766,364760,3,
364766,364761,3,
364766,364809,3,
364766,364792,3,
364766,364790,3,
364766,364783,3,
364766,364800,3,
364766,364782,3,
364766,364788,3,
364766,364808,3,
364766,364801,3,
364766,364802,3,
364766,364803,3,
364766,hbeh,3,
364766,364759,3,
364766,rd27,3,
364766,3i48,3,
364766,p1rq,3,
364766,69rr,3,
364766,e5jq,3,
364766,STOP_7446e78f-4364-4c73-9995-c78bc7b63972,3,
364766,q0fo,3,
364764,364798,3,
364764,364766,3,
364764,364765,3,
364764,364762,3,
364764,364763,3,
364764,364760,3,
364764,364761,3,
364764,364809,3,
364764,364792,3,
364764,364790,3,
364764,364783,3,
364764,364782,3,
364764,364788,3,
364764,364806,3,
364764,364807,3,
364764,364808,3,
364764,364801,3,
364764,364802,3,
364764,364803,3,
364764,hbeh,3,
364764,364759,3,
364764,364804,3,
364764,rd27,3,
364764,3i48,3,
364764,p1rq,3,
364764,69rr,3,
364764,e5jq,3,
364764,STOP_7446e78f-4364-4c73-9995-c78bc7b63972,3,
364764,364767,3,
364764,q0fo,3,
364764,STOP_13581b6a-1760-4862-8bfc-6955a15a6fde,3,
364764,7uue,3,
364764,5fez,3,
364765,364766,3,
364765,364764,3,
364765,364763,3,
364765,364760,3,
364765,364761,3,
364765,364809,3,
364765,364792,3,
364765,364790,3,
364765,364783,3,
364765,364782,3,
364765,364788,3,
364765,364808,3,
364765,364801,3,
364765,364802,3,
364765,364803,3,
364765,hbeh,3,
364765,364759,3,
364765,rd27,3,
364765,3i48,3,
364765,p1rq,3,
364765,69rr,3,
364765,e5jq,3,
364765,STOP_7446e78f-4364-4c73-9995-c78bc7b63972,3,
364765,q0fo,3,
364762,364764,3,
364762,364763,3,
364762,364760,3,
364762,364761,3,
364762,364809,3,
364762,364792,3,
364762,364805,3,
364762,364806,3,
364762,364807,3,
364762,364808,3,
364762,364801,3,
364762,364802,3,
364762,364803,3,
364762,hbeh,3,
364762,364759,3,
364762,364804,3,
364762,rd27,3,
364762,3i48,3,
364762,p1rq,3,
364762,69rr,3,
364762,364767,3,
364762,STOP_13581b6a-1760-4862-8bfc-6955a15a6fde,3,
364762,x2b2,3,
364762,7uue,3,
364762,o4je,3,
364762,wyv1,3,
364762,5fez,3,
STOP_512e3bb4-a26d-474c-8ec1-ca3edb608d75,364750,3,
STOP_512e3bb4-a26d-474c-8ec1-ca3edb608d75,STOP_cf45d44f-1408-4095-8d41-acb100f6c296,3,
STOP_512e3bb4-a26d-474c-8ec1-ca3edb608d75,STOP_fb97980b-5bcf-4c80-8e64-09de1c6358eb,3,
STOP_512e3bb4-a26d-474c-8ec1-ca3edb608d75,STOP_c9fdaa14-1699-47fc-99af-d886d22c9431,3,
STOP_512e3bb4-a26d-474c-8ec1-ca3edb608d75,STOP_1b9f05b4-3df1-4213-b79b-3691ae2b29a2,3,
364763,364766,3,
364763,364764,3,
364763,364765,3,
364763,364762,3,
364763,364760,3,
364763,364761,3,
364763,364805,3,
364763,364803,3,
364763,hbeh,3,
364763,364804,3,
364763,3i48,3,
364763,p1rq,3,
364763,69rr,3,
364763,7uue,3,
364763,wyv1,3,
364763,5fez,3,
364760,364798,3,
364760,364794,3,
364760,364766,3,
364760,364764,3,
364760,364765,3,
364760,364762,3,
364760,364763,3,
364760,364761,3,
364760,364775,3,
364760,364809,3,
364760,364792,3,
364760,364790,3,
364760,364800,3,
364760,364806,3,
364760,364807,3,
364760,364808,3,
364760,364801,3,
364760,364802,3,
364760,364803,3,
364760,hbeh,3,
364760,364759,3,
364760,364804,3,
364760,rd27,3,
364760,3i48,3,
364760,p1rq,3,
364760,69rr,3,
364760,e5jq,3,
364760,364767,3,
364760,q0fo,3,
364760,STOP_13581b6a-1760-4862-8bfc-6955a15a6fde,3,
364760,x2b2,3,
364760,7uue,3,
364760,o4je,3,
364760,wyv1,3,
364760,5fez,3,
364761,364766,3,
364761,364764,3,
364761,364765,3,
364761,364762,3,
364761,364763,3,
364761,364760,3,
364761,364809,3,
364761,364792,3,
364761,364790,3,
364761,364805,3,
364761,364806,3,
364761,364807,3,
364761,364808,3,
364761,364801,3,
364761,364802,3,
364761,364803,3,
364761,hbeh,3,
364761,364759,3,
364761,364804,3,
364761,rd27,3,
364761,3i48,3,
364761,p1rq,3,
364761,69rr,3,
364761,e5jq,3,
364761,364767,3,
364761,q0fo,3,
364761,STOP_13581b6a-1760-4862-8bfc-6955a15a6fde,3,
364761,7uue,3,
364761,wyv1,3,
364761,5fez,3,
STOP_4b1efeed-c2fb-4934-b3e5-ff5e96084f5c,364758,3,
STOP_4b1efeed-c2fb-4934-b3e5-ff5e96084f5c,364755,3,
STOP_4b1efeed-c2fb-4934-b3e5-ff5e96084f5c,364756,3,
STOP_4b1efeed-c2fb-4934-b3e5-ff5e96084f5c,364751,3,
STOP_4b1efeed-c2fb-4934-b3e5-ff5e96084f5c,STOP_0bb67a21-f462-47cf-b583-bbf05609b1e2,3,
STOP_4b1efeed-c2fb-4934-b3e5-ff5e96084f5c,STOP_aaa24966-5097-4b44-a581-47bfc1e3e7ac,3,
STOP_4b1efeed-c2fb-4934-b3e5-ff5e96084f5c,364746,3,
STOP_4b1efeed-c2fb-4934-b3e5-ff5e96084f5c,364744,3,
STOP_4b1efeed-c2fb-4934-b3e5-ff5e96084f5c,STOP_fb97980b-5bcf-4c80-8e64-09de1c6358eb,3,
STOP_4b1efeed-c2fb-4934-b3e5-ff5e96084f5c,STOP_8518fa5c-6605-499b-8d8f-f212377f3c62,3,
STOP_4b1efeed-c2fb-4934-b3e5-ff5e96084f5c,STOP_f5bf6e93-f408-4925-a8f7-880ec2c7f013,3,
STOP_9c42d68a-0be8-43f4-97da-8c2ab60d00fa,364785,3,
STOP_9c42d68a-0be8-43f4-97da-8c2ab60d00fa,STOP_24c252f6-5e48-4512-8add-3f656d6998f7,3,
364780,STOP_ddc1d189-e791-4529-a4d3-360499fe0ce8,3,
364780,364770,3,
364780,364768,3,
364780,364769,3,
364780,364774,3,
364780,364773,3,
364780,364776,3,
364780,364779,3,
364780,364781,3,
364780,c50g,3,
364780,364771,3,
364774,364795,3,
364774,364768,3,
364774,364769,3,
364774,364780,3,
364774,364773,3,
364774,364776,3,
364774,364796,3,
364774,STOP_5e72748e-99dd-43c0-9e79-0773a4afd1cd,3,
364773,STOP_ddc1d189-e791-4529-a4d3-360499fe0ce8,3,
364773,364770,3,
364773,364768,3,
364773,364769,3,
364773,364780,3,
364773,364774,3,
364773,364776,3,
364773,364779,3,
364773,364796,3,
364773,364781,3,
364773,c50g,3,
364773,364771,3,
364776,STOP_ddc1d189-e791-4529-a4d3-360499fe0ce8,3,
364776,364770,3,
364776,364768,3,
364776,364769,3,
364776,364780,3,
364776,364774,3,
364776,364773,3,
364776,364779,3,
364776,364781,3,
364776,364777,3,
364776,c50g,3,
364776,364771,3,
364775,364798,3,
364775,364797,3,
364775,364794,3,
364775,364795,3,
364775,364768,3,
364775,364769,3,
364775,364760,3,
364775,364809,3,
364775,364792,3,
364775,364790,3,
364775,364800,3,
364775,364806,3,
364775,364807,3,
364775,364808,3,
364775,364801,3,
364775,364802,3,
364775,364803,3,
364775,hbeh,3,
364775,364759,3,
364775,364804,3,
364775,rd27,3,
364775,p1rq,3,
364775,69rr,3,
364775,364799,3,
364775,364796,3,
364775,STOP_5e72748e-99dd-43c0-9e79-0773a4afd1cd,3,
364775,364767,3,
364775,STOP_13581b6a-1760-4862-8bfc-6955a15a6fde,3,
364775,x2b2,3,
364775,7uue,3,
364775,go4g,3,
364775,54by,3,
364778,STOP_ddc1d189-e791-4529-a4d3-360499fe0ce8,3,
364778,364770,3,
364778,364779,3,
364778,364781,3,
364778,c50g,3,
364778,364771,3,
STOP_aaa24966-5097-4b44-a581-47bfc1e3e7ac,364758,3,
STOP_aaa24966-5097-4b44-a581-47bfc1e3e7ac,364753,3,
STOP_aaa24966-5097-4b44-a581-47bfc1e3e7ac,364755,3,
STOP_aaa24966-5097-4b44-a581-47bfc1e3e7ac,364756,3,
STOP_aaa24966-5097-4b44-a581-47bfc1e3e7ac,364751,3,
STOP_aaa24966-5097-4b44-a581-47bfc1e3e7ac,STOP_0bb67a21-f462-47cf-b583-bbf05609b1e2,3,
STOP_aaa24966-5097-4b44-a581-47bfc1e3e7ac,STOP_4b1efeed-c2fb-4934-b3e5-ff5e96084f5c,3,
STOP_aaa24966-5097-4b44-a581-47bfc1e3e7ac,STOP_aaa24966-5097-4b44-a581-47bfc1e3e7ac,1,
STOP_aaa24966-5097-4b44-a581-47bfc1e3e7ac,364746,3,
STOP_aaa24966-5097-4b44-a581-47bfc1e3e7ac,364744,3,
STOP_aaa24966-5097-4b44-a581-47bfc1e3e7ac,STOP_8518fa5c-6605-499b-8d8f-f212377f3c62,3,
STOP_aaa24966-5097-4b44-a581-47bfc1e3e7ac,3p9g,3,
STOP_aaa24966-5097-4b44-a581-47bfc1e3e7ac,STOP_f5bf6e93-f408-4925-a8f7-880ec2c7f013,3,
364779,STOP_ddc1d189-e791-4529-a4d3-360499fe0ce8,3,
364779,364770,3,
364779,364780,3,
364779,364773,3,
364779,364776,3,
364779,364778,3,
364779,364781,3,
364779,364777,3,
364779,c50g,3,
364779,364771,3,
364809,364798,3,
364809,364797,3,
364809,364794,3,
364809,364766,3,
364809,364764,3,
364809,364765,3,
364809,364762,3,
364809,364760,3,
364809,364761,3,
364809,364775,3,
364809,364792,3,
364809,364790,3,
364809,364800,3,
364809,364782,3,
364809,364788,3,
364809,364806,3,
364809,364807,3,
364809,364808,3,
364809,364801,3,
364809,364802,3,
364809,364803,3,
364809,hbeh,3,
364809,364759,3,
364809,364804,3,
364809,rd27,3,
364809,3i48,3,
364809,p1rq,3,
364809,69rr,3,
364809,364799,3,
364809,e5jq,3,
364809,364767,3,
364809,q0fo,3,
364809,STOP_13581b6a-1760-4862-8bfc-6955a15a6fde,3,
364809,x2b2,3,
364809,7uue,3,
364809,5fez,3,
STOP_cf45d44f-1408-4095-8d41-acb100f6c296,364750,3,
STOP_cf45d44f-1408-4095-8d41-acb100f6c296,STOP_512e3bb4-a26d-474c-8ec1-ca3edb608d75,3,
STOP_cf45d44f-1408-4095-8d41-acb100f6c296,STOP_cf45d44f-1408-4095-8d41-acb100f6c296,1,
STOP_cf45d44f-1408-4095-8d41-acb100f6c296,STOP_c9fdaa14-1699-47fc-99af-d886d22c9431,3,
STOP_cf45d44f-1408-4095-8d41-acb100f6c296,STOP_1b9f05b4-3df1-4213-b79b-3691ae2b29a2,3,
364792,364798,3,
364792,364797,3,
364792,364794,3,
364792,364795,3,
364792,364766,3,
364792,364764,3,
364792,364765,3,
364792,364762,3,
364792,364760,3,
364792,364761,3,
364792,364775,3,
364792,364809,3,
364792,364790,3,
364792,364800,3,
364792,364788,3,
364792,364806,3,
364792,364807,3,
364792,364808,3,
364792,364801,3,
364792,364802,3,
364792,364803,3,
364792,hbeh,3,
364792,364759,3,
364792,364804,3,
364792,rd27,3,
364792,3i48,3,
364792,p1rq,3,
364792,69rr,3,
364792,364799,3,
364792,e5jq,3,
364792,STOP_5e72748e-99dd-43c0-9e79-0773a4afd1cd,3,
364792,364767,3,
364792,q0fo,3,
364792,STOP_13581b6a-1760-4862-8bfc-6955a15a6fde,3,
364792,x2b2,3,
364792,7uue,3,
364792,5fez,3,
364790,364798,3,
364790,364797,3,
364790,364794,3,
364790,364795,3,
364790,364766,3,
364790,364764,3,
364790,364765,3,
364790,364760,3,
364790,364761,3,
364790,364775,3,
364790,364809,3,
364790,364792,3,
364790,364800,3,
364790,364782,3,
364790,364788,3,
364790,364806,3,
364790,364807,3,
364790,364808,3,
364790,364801,3,
364790,364802,3,
364790,364803,3,
364790,hbeh,3,
364790,364759,3,
364790,364804,3,
364790,rd27,3,
364790,3i48,3,
364790,p1rq,3,
364790,69rr,3,
364790,364799,3,
364790,e5jq,3,
364790,364767,3,
364790,q0fo,3,
364790,STOP_13581b6a-1760-4862-8bfc-6955a15a6fde,3,
364790,7uue,3,
364785,STOP_9c42d68a-0be8-43f4-97da-8c2ab60d00fa,3,
364785,STOP_24c252f6-5e48-4512-8add-3f656d6998f7,3,
364746,364758,3,
364746,364756,3,
364746,364751,3,
364746,STOP_0bb67a21-f462-47cf-b583-bbf05609b1e2,3,
364746,STOP_4b1efeed-c2fb-4934-b3e5-ff5e96084f5c,3,
364746,STOP_aaa24966-5097-4b44-a581-47bfc1e3e7ac,3,
364746,364744,3,
364746,STOP_fb97980b-5bcf-4c80-8e64-09de1c6358eb,3,
364746,STOP_8518fa5c-6605-499b-8d8f-f212377f3c62,3,
364746,STOP_f5bf6e93-f408-4925-a8f7-880ec2c7f013,3,
364783,364766,3,
364783,364764,3,
364783,364765,3,
364783,364782,3,
364783,364788,3,
364783,3i48,3,
364783,e5jq,3,
364783,STOP_7446e78f-4364-4c73-9995-c78bc7b63972,3,
364783,q0fo,3,
364800,364798,3,
364800,364797,3,
364800,364794,3,
364800,364795,3,
364800,364766,3,
364800,364760,3,
364800,364775,3,
364800,364809,3,
364800,364792,3,
364800,364790,3,
364800,364788,3,
364800,364806,3,
364800,364807,3,
364800,364808,3,
364800,364801,3,
364800,364802,3,
364800,364803,3,
364800,hbeh,3,
364800,364759,3,
364800,364804,3,
364800,rd27,3,
364800,3i48,3,
364800,p1rq,3,
364800,69rr,3,
364800,364799,3,
364800,e5jq,3,
364800,STOP_d7467004-6a75-4c81-9d0b-a37a8ed87bdc,3,
364800,STOP_5e72748e-99dd-43c0-9e79-0773a4afd1cd,3,
364800,364767,3,
364800,q0fo,3,
364800,STOP_13581b6a-1760-4862-8bfc-6955a15a6fde,3,
364800,x2b2,3,
364800,7uue,3,
364782,364766,3,
364782,364764,3,
364782,364765,3,
364782,364809,3,
364782,364790,3,
364782,364783,3,
364782,364788,3,
364782,364801,3,
364782,hbeh,3,
364782,rd27,3,
364782,3i48,3,
364782,p1rq,3,
364782,e5jq,3,
364782,STOP_7446e78f-4364-4c73-9995-c78bc7b63972,3,
364782,q0fo,3,
364788,364798,3,
364788,364766,3,
364788,364764,3,
364788,364765,3,
364788,364809,3,
364788,364792,3,
364788,364790,3,
364788,364783,3,
364788,364800,3,
364788,364782,3,
364788,364808,3,
364788,364801,3,
364788,364802,3,
364788,hbeh,3,
364788,364759,3,
364788,rd27,3,
364788,3i48,3,
364788,p1rq,3,
364788,364799,3,
364788,e5jq,3,
364788,STOP_7446e78f-4364-4c73-9995-c78bc7b63972,3,
364788,q0fo,3,
364786,STOP_f0130282-d71b-4081-9157-fdf44d024f8c,3,
364805,364762,3,
364805,364763,3,
364805,364761,3,
364805,364806,3,
364805,364804,3,
364805,7uue,3,
364805,o4je,3,
364805,wyv1,3,
364805,5fez,3,
364806,364798,3,
364806,364794,3,
364806,364764,3,
364806,364762,3,
364806,364760,3,
364806,364761,3,
364806,364775,3,
364806,364809,3,
364806,364792,3,
364806,364790,3,
364806,364800,3,
364806,364805,3,
364806,364807,3,
364806,364808,3,
364806,364801,3,
364806,364802,3,
364806,364803,3,
364806,hbeh,3,
364806,364759,3,
364806,364804,3,
364806,rd27,3,
364806,3i48,3,
364806,p1rq,3,
364806,69rr,3,
364806,364767,3,
364806,STOP_13581b6a-1760-4862-8bfc-6955a15a6fde,3,
364806,x2b2,3,
364806,7uue,3,
364806,go4g,3,
364806,54by,3,
364806,o4je,3,
364806,wyv1,3,
364806,5fez,3,
364807,364798,3,
364807,364794,3,
364807,364795,3,
364807,364764,3,
364807,364762,3,
364807,364760,3,
364807,364761,3,
364807,364775,3,
364807,364809,3,
364807,364792,3,
364807,364790,3,
364807,364800,3,
364807,364806,3,
364807,364808,3,
364807,364801,3,
364807,364802,3,
364807,364803,3,
364807,hbeh,3,
364807,364759,3,
364807,364804,3,
364807,rd27,3,
364807,3i48,3,
364807,p1rq,3,
364807,69rr,3,
364807,STOP_5e72748e-99dd-43c0-9e79-0773a4afd1cd,3,
364807,364767,3,
364807,STOP_13581b6a-1760-4862-8bfc-6955a15a6fde,3,
364807,x2b2,3,
364807,7uue,3,
364807,go4g,3,
364807,54by,3,
364807,o4je,3,
364807,wyv1,3,
364807,5fez,3,
364808,364798,3,
364808,364797,3,
364808,364794,3,
364808,364795,3,
364808,364766,3,
364808,364764,3,
364808,364765,3,
364808,364762,3,
364808,364760,3,
364808,364761,3,
364808,364775,3,
364808,364809,3,
364808,364792,3,
364808,364790,3,
364808,364800,3,
364808,364788,3,
364808,364806,3,
364808,364807,3,
364808,364801,3,
364808,364802,3,
364808,364803,3,
364808,hbeh,3,
364808,364759,3,
364808,364804,3,
364808,rd27,3,
364808,3i48,3,
364808,p1rq,3,
364808,69rr,3,
364808,364799,3,
364808,e5jq,3,
364808,STOP_5e72748e-99dd-43c0-9e79-0773a4afd1cd,3,
364808,364767,3,
364808,q0fo,3,
364808,STOP_13581b6a-1760-4862-8bfc-6955a15a6fde,3,
364808,x2b2,3,
364808,7uue,3,
364808,5fez,3,
364801,364798,3,
364801,364797,3,
364801,364794,3,
364801,364766,3,
364801,364764,3,
364801,364765,3,
364801,364762,3,
364801,364760,3,
364801,364761,3,
364801,364775,3,
364801,364809,3,
364801,364792,3,
364801,364790,3,
364801,364800,3,
364801,364782,3,
364801,364788,3,
364801,364806,3,
364801,364807,3,
364801,364808,3,
364801,364802,3,
364801,364803,3,
364801,hbeh,3,
364801,364759,3,
364801,364804,3,
364801,rd27,3,
364801,3i48,3,
364801,p1rq,3,
364801,69rr,3,
364801,364799,3,
364801,e5jq,3,
364801,364767,3,
364801,q0fo,3,
364801,STOP_13581b6a-1760-4862-8bfc-6955a15a6fde,3,
364801,x2b2,3,
364801,7uue,3,
364801,5fez,3,
364744,364758,3,
364744,364755,3,
364744,364756,3,
364744,STOP_0bb67a21-f462-47cf-b583-bbf05609b1e2,3,
364744,STOP_4b1efeed-c2fb-4934-b3e5-ff5e96084f5c,3,
364744,STOP_aaa24966-5097-4b44-a581-47bfc1e3e7ac,3,
364744,364746,3,
364744,364743,3,
364744,STOP_8518fa5c-6605-499b-8d8f-f212377f3c62,3,
364744,STOP_f5bf6e93-f408-4925-a8f7-880ec2c7f013,3,
364802,364798,3,
364802,364797,3,
364802,364794,3,
364802,364766,3,
364802,364764,3,
364802,364765,3,
364802,364762,3,
364802,364760,3,
364802,364761,3,
364802,364775,3,
364802,364809,3,
364802,364792,3,
364802,364790,3,
364802,364800,3,
364802,364788,3,
364802,364806,3,
364802,364807,3,
364802,364808,3,
364802,364801,3,
364802,364803,3,
364802,hbeh,3,
364802,364759,3,
364802,364804,3,
364802,rd27,3,
364802,3i48,3,
364802,p1rq,3,
364802,69rr,3,
364802,364799,3,
364802,e5jq,3,
364802,364767,3,
364802,q0fo,3,
364802,STOP_13581b6a-1760-4862-8bfc-6955a15a6fde,3,
364802,x2b2,3,
364802,7uue,3,
364802,5fez,3,
364803,364798,3,
364803,364794,3,
364803,364766,3,
364803,364764,3,
364803,364765,3,
364803,364762,3,
364803,364763,3,
364803,364760,3,
364803,364761,3,
364803,364775,3,
364803,364809,3,
364803,364792,3,
364803,364790,3,
364803,364800,3,
364803,364806,3,
364803,364807,3,
364803,364808,3,
364803,364801,3,
364803,364802,3,
364803,hbeh,3,
364803,364759,3,
364803,364804,3,
364803,rd27,3,
364803,3i48,3,
364803,p1rq,3,
364803,69rr,3,
364803,e5jq,3,
364803,364767,3,
364803,q0fo,3,
364803,STOP_13581b6a-1760-4862-8bfc-6955a15a6fde,3,
364803,x2b2,3,
364803,7uue,3,
364803,o4je,3,
364803,wyv1,3,
364803,5fez,3,
364743,364744,3,
hbeh,364798,3,
hbeh,364794,3,
hbeh,364766,3,
hbeh,364764,3,
hbeh,364765,3,
hbeh,364762,3,
hbeh,364763,3,
hbeh,364760,3,
hbeh,364761,3,
hbeh,364775,3,
hbeh,364809,3,
hbeh,364792,3,
hbeh,364790,3,
hbeh,364800,3,
hbeh,364782,3,
hbeh,364788,3,
hbeh,364806,3,
hbeh,364807,3,
hbeh,364808,3,
hbeh,364801,3,
hbeh,364802,3,
hbeh,364803,3,
hbeh,364759,3,
hbeh,364804,3,
hbeh,rd27,3,
hbeh,3i48,3,
hbeh,p1rq,3,
hbeh,69rr,3,
hbeh,364799,3,
hbeh,e5jq,3,
hbeh,364767,3,
hbeh,q0fo,3,
hbeh,STOP_13581b6a-1760-4862-8bfc-6955a15a6fde,3,
hbeh,x2b2,3,
hbeh,7uue,3,
hbeh,5fez,3,
364759,364798,3,
364759,364797,3,
364759,364794,3,
364759,364795,3,
364759,364766,3,
364759,364764,3,
364759,364765,3,
364759,364762,3,
364759,364760,3,
364759,364761,3,
364759,364775,3,
364759,364809,3,
364759,364792,3,
364759,364790,3,
364759,364800,3,
364759,364788,3,
364759,364806,3,
364759,364807,3,
364759,364808,3,
364759,364801,3,
364759,364802,3,
364759,364803,3,
364759,hbeh,3,
364759,364759,1,
364759,364804,3,
364759,rd27,3,
364759,3i48,3,
364759,p1rq,3,
364759,69rr,3,
364759,364799,3,
364759,e5jq,3,
364759,STOP_5e72748e-99dd-43c0-9e79-0773a4afd1cd,3,
364759,364767,3,
364759,q0fo,3,
364759,STOP_13581b6a-1760-4862-8bfc-6955a15a6fde,3,
364759,x2b2,3,
364759,7uue,3,
364759,5fez,3,
364804,364798,3,
364804,364794,3,
364804,364764,3,
364804,364762,3,
364804,364763,3,
364804,364760,3,
364804,364761,3,
364804,364775,3,
364804,364809,3,
364804,364792,3,
364804,364790,3,
364804,364800,3,
364804,364805,3,
364804,364806,3,
364804,364807,3,
364804,364808,3,
364804,364801,3,
364804,364802,3,
364804,364803,3,
364804,hbeh,3,
364804,364759,3,
364804,rd27,3,
364804,3i48,3,
364804,p1rq,3,
364804,69rr,3,
364804,364767,3,
364804,STOP_13581b6a-1760-4862-8bfc-6955a15a6fde,3,
364804,x2b2,3,
364804,7uue,3,
364804,54by,3,
364804,o4je,3,
364804,wyv1,3,
364804,5fez,3,
rd27,364798,3,
rd27,364797,3,
rd27,364794,3,
rd27,364766,3,
rd27,364764,3,
rd27,364765,3,
rd27,364762,3,
rd27,364760,3,
rd27,364761,3,
rd27,364775,3,
rd27,364809,3,
rd27,364792,3,
rd27,364790,3,
rd27,364800,3,
rd27,364782,3,
rd27,364788,3,
rd27,364806,3,
rd27,364807,3,
rd27,364808,3,
rd27,364801,3,
rd27,364802,3,
rd27,364803,3,
rd27,hbeh,3,
rd27,364759,3,
rd27,364804,3,
rd27,3i48,3,
rd27,p1rq,3,
rd27,69rr,3,
rd27,364799,3,
rd27,e5jq,3,
rd27,364767,3,
rd27,q0fo,3,
rd27,STOP_13581b6a-1760-4862-8bfc-6955a15a6fde,3,
rd27,x2b2,3,
rd27,7uue,3,
rd27,5fez,3,
3i48,364798,3,
3i48,364766,3,
3i48,364764,3,
3i48,364765,3,
3i48,364762,3,
3i48,364763,3,
3i48,364760,3,
3i48,364761,3,
3i48,364809,3,
3i48,364792,3,
3i48,364790,3,
3i48,364783,3,
3i48,364800,3,
3i48,364782,3,
3i48,364788,3,
3i48,364806,3,
3i48,364807,3,
3i48,364808,3,
3i48,364801,3,
3i48,364802,3,
3i48,364803,3,
3i48,hbeh,3,
3i48,364759,3,
3i48,364804,3,
3i48,rd27,3,
3i48,p1rq,3,
3i48,69rr,3,
3i48,e5jq,3,
3i48,364767,3,
3i48,q0fo,3,
3i48,STOP_13581b6a-1760-4862-8bfc-6955a15a6fde,3,
3i48,7uue,3,
3i48,5fez,3,
p1rq,364798,3,
p1rq,364794,3,
p1rq,364766,3,
p1rq,364764,3,
p1rq,364765,3,
p1rq,364762,3,
p1rq,364763,3,
p1rq,364760,3,
p1rq,364761,3,
p1rq,364775,3,
p1rq,364809,3,
p1rq,364792,3,
p1rq,364790,3,
p1rq,364800,3,
p1rq,364782,3,
p1rq,364788,3,
p1rq,364806,3,
p1rq,364807,3,
p1rq,364808,3,
p1rq,364801,3,
p1rq,364802,3,
p1rq,364803,3,
p1rq,hbeh,3,
p1rq,364759,3,
p1rq,364804,3,
p1rq,rd27,3,
p1rq,3i48,3,
p1rq,69rr,3,
p1rq,e5jq,3,
p1rq,364767,3,
p1rq,q0fo,3,
p1rq,STOP_13581b6a-1760-4862-8bfc-6955a15a6fde,3,
p1rq,x2b2,3,
p1rq,7uue,3,
p1rq,5fez,3,
69rr,364798,3,
69rr,364794,3,
69rr,364766,3,
69rr,364764,3,
69rr,364765,3,
69rr,364762,3,
69rr,364763,3,
69rr,364760,3,
69rr,364761,3,
69rr,364775,3,
69rr,364809,3,
69rr,364792,3,
69rr,364790,3,
69rr,364800,3,
69rr,364806,3,
69rr,364807,3,
69rr,364808,3,
69rr,364801,3,
69rr,364802,3,
69rr,364803,3,
69rr,hbeh,3,
69rr,364759,3,
69rr,364804,3,
69rr,rd27,3,
69rr,3i48,3,
69rr,p1rq,3,
69rr,e5jq,3,
69rr,364767,3,
69rr,q0fo,3,
69rr,STOP_13581b6a-1760-4862-8bfc-6955a15a6fde,3,
69rr,x2b2,3,
69rr,7uue,3,
69rr,o4je,3,
69rr,wyv1,3,
69rr,5fez,3,
364799,364798,3,
364799,364797,3,
364799,364794,3,
364799,364795,3,
364799,364775,3,
364799,364809,3,
364799,364792,3,
364799,364790,3,
364799,364800,3,
364799,364788,3,
364799,364808,3,
364799,364801,3,
364799,364802,3,
364799,hbeh,3,
364799,364759,3,
364799,rd27,3,
364799,e5jq,3,
364799,364796,3,
364799,STOP_d7467004-6a75-4c81-9d0b-a37a8ed87bdc,3,
364799,q0fo,3,
e5jq,364798,3,
e5jq,364794,3,
e5jq,364766,3,
e5jq,364764,3,
e5jq,364765,3,
e5jq,364760,3,
e5jq,364761,3,
e5jq,364809,3,
e5jq,364792,3,
e5jq,364790,3,
e5jq,364783,3,
e5jq,364800,3,
e5jq,364782,3,
e5jq,364788,3,
e5jq,364808,3,
e5jq,364801,3,
e5jq,364802,3,
e5jq,364803,3,
e5jq,hbeh,3,
e5jq,364759,3,
e5jq,rd27,3,
e5jq,3i48,3,
e5jq,p1rq,3,
e5jq,69rr,3,
e5jq,364799,3,
e5jq,STOP_7446e78f-4364-4c73-9995-c78bc7b63972,3,
e5jq,364767,3,
e5jq,q0fo,3,
e5jq,STOP_13581b6a-1760-4862-8bfc-6955a15a6fde,3,
364796,364797,3,
364796,364794,3,
364796,364795,3,
364796,364768,3,
364796,364769,3,
364796,364774,3,
364796,364773,3,
364796,364775,3,
364796,364799,3,
364796,STOP_5e72748e-99dd-43c0-9e79-0773a4afd1cd,3,
STOP_d7467004-6a75-4c81-9d0b-a37a8ed87bdc,364797,3,
STOP_d7467004-6a75-4c81-9d0b-a37a8ed87bdc,364794,3,
STOP_d7467004-6a75-4c81-9d0b-a37a8ed87bdc,364800,3,
STOP_d7467004-6a75-4c81-9d0b-a37a8ed87bdc,364799,3,
STOP_7446e78f-4364-4c73-9995-c78bc7b63972,364766,3,
STOP_7446e78f-4364-4c73-9995-c78bc7b63972,364764,3,
STOP_7446e78f-4364-4c73-9995-c78bc7b63972,364765,3,
STOP_7446e78f-4364-4c73-9995-c78bc7b63972,364783,3,
STOP_7446e78f-4364-4c73-9995-c78bc7b63972,364782,3,
STOP_7446e78f-4364-4c73-9995-c78bc7b63972,364788,3,
STOP_7446e78f-4364-4c73-9995-c78bc7b63972,e5jq,3,
STOP_7446e78f-4364-4c73-9995-c78bc7b63972,q0fo,3,
STOP_24c252f6-5e48-4512-8add-3f656d6998f7,STOP_9c42d68a-0be8-43f4-97da-8c2ab60d00fa,3,
STOP_24c252f6-5e48-4512-8add-3f656d6998f7,364785,3,
STOP_f0130282-d71b-4081-9157-fdf44d024f8c,364786,3,
STOP_f0130282-d71b-4081-9157-fdf44d024f8c,STOP_cdf0109c-a9de-4c42-9a0c-fc52f1acec8b,3,
STOP_fb97980b-5bcf-4c80-8e64-09de1c6358eb,364756,3,
STOP_fb97980b-5bcf-4c80-8e64-09de1c6358eb,364750,3,
STOP_fb97980b-5bcf-4c80-8e64-09de1c6358eb,364751,3,
STOP_fb97980b-5bcf-4c80-8e64-09de1c6358eb,STOP_512e3bb4-a26d-474c-8ec1-ca3edb608d75,3,
STOP_fb97980b-5bcf-4c80-8e64-09de1c6358eb,STOP_4b1efeed-c2fb-4934-b3e5-ff5e96084f5c,3,
STOP_fb97980b-5bcf-4c80-8e64-09de1c6358eb,364746,3,
STOP_fb97980b-5bcf-4c80-8e64-09de1c6358eb,STOP_c9fdaa14-1699-47fc-99af-d886d22c9431,3,
STOP_fb97980b-5bcf-4c80-8e64-09de1c6358eb,STOP_1b9f05b4-3df1-4213-b79b-3691ae2b29a2,3,
STOP_8518fa5c-6605-499b-8d8f-f212377f3c62,364758,3,
STOP_8518fa5c-6605-499b-8d8f-f212377f3c62,364753,3,
STOP_8518fa5c-6605-499b-8d8f-f212377f3c62,364755,3,
STOP_8518fa5c-6605-499b-8d8f-f212377f3c62,364756,3,
STOP_8518fa5c-6605-499b-8d8f-f212377f3c62,STOP_0bb67a21-f462-47cf-b583-bbf05609b1e2,3,
STOP_8518fa5c-6605-499b-8d8f-f212377f3c62,STOP_4b1efeed-c2fb-4934-b3e5-ff5e96084f5c,3,
STOP_8518fa5c-6605-499b-8d8f-f212377f3c62,STOP_aaa24966-5097-4b44-a581-47bfc1e3e7ac,3,
STOP_8518fa5c-6605-499b-8d8f-f212377f3c62,364746,3,
STOP_8518fa5c-6605-499b-8d8f-f212377f3c62,364744,3,
STOP_8518fa5c-6605-499b-8d8f-f212377f3c62,STOP_f5bf6e93-f408-4925-a8f7-880ec2c7f013,3,
3p9g,364753,3,
3p9g,364754,3,
3p9g,364755,3,
3p9g,364756,3,
3p9g,364751,3,
3p9g,STOP_aaa24966-5097-4b44-a581-47bfc1e3e7ac,3,
STOP_5e72748e-99dd-43c0-9e79-0773a4afd1cd,364798,3,
STOP_5e72748e-99dd-43c0-9e79-0773a4afd1cd,364797,3,
STOP_5e72748e-99dd-43c0-9e79-0773a4afd1cd,364794,3,
STOP_5e72748e-99dd-43c0-9e79-0773a4afd1cd,364795,3,
STOP_5e72748e-99dd-43c0-9e79-0773a4afd1cd,364768,3,
STOP_5e72748e-99dd-43c0-9e79-0773a4afd1cd,364769,3,
STOP_5e72748e-99dd-43c0-9e79-0773a4afd1cd,364774,3,
STOP_5e72748e-99dd-43c0-9e79-0773a4afd1cd,364775,3,
STOP_5e72748e-99dd-43c0-9e79-0773a4afd1cd,364792,3,
STOP_5e72748e-99dd-43c0-9e79-0773a4afd1cd,364800,3,
STOP_5e72748e-99dd-43c0-9e79-0773a4afd1cd,364807,3,
STOP_5e72748e-99dd-43c0-9e79-0773a4afd1cd,364808,3,
STOP_5e72748e-99dd-43c0-9e79-0773a4afd1cd,364759,3,
STOP_5e72748e-99dd-43c0-9e79-0773a4afd1cd,364796,3,
STOP_5e72748e-99dd-43c0-9e79-0773a4afd1cd,364767,3,
STOP_5e72748e-99dd-43c0-9e79-0773a4afd1cd,STOP_13581b6a-1760-4862-8bfc-6955a15a6fde,3,
STOP_5e72748e-99dd-43c0-9e79-0773a4afd1cd,x2b2,3,
STOP_5e72748e-99dd-43c0-9e79-0773a4afd1cd,go4g,3,
364767,364798,3,
364767,364797,3,
364767,364794,3,
364767,364795,3,
364767,364768,3,
364767,364764,3,
364767,364762,3,
364767,364760,3,
364767,364761,3,
364767,364775,3,
364767,364809,3,
364767,364792,3,
364767,364790,3,
364767,364800,3,
364767,364806,3,
364767,364807,3,
364767,364808,3,
364767,364801,3,
364767,364802,3,
364767,364803,3,
364767,hbeh,3,
364767,364759,3,
364767,364804,3,
364767,rd27,3,
364767,3i48,3,
364767,p1rq,3,
364767,69rr,3,
364767,e5jq,3,
364767,STOP_5e72748e-99dd-43c0-9e79-0773a4afd1cd,3,
364767,q0fo,3,
364767,STOP_13581b6a-1760-4862-8bfc-6955a15a6fde,3,
364767,x2b2,3,
364767,7uue,3,
364767,go4g,3,
364767,5fez,3,
364781,STOP_ddc1d189-e791-4529-a4d3-360499fe0ce8,3,
364781,364770,3,
364781,364780,3,
364781,364773,3,
364781,364776,3,
364781,364778,3,
364781,364779,3,
364781,364777,3,
364781,c50g,3,
364781,364771,3,
364777,STOP_ddc1d189-e791-4529-a4d3-360499fe0ce8,3,
364777,364770,3,
364777,364776,3,
364777,364779,3,
364777,364781,3,
364777,c50g,3,
STOP_c9fdaa14-1699-47fc-99af-d886d22c9431,364750,3,
STOP_c9fdaa14-1699-47fc-99af-d886d22c9431,STOP_512e3bb4-a26d-474c-8ec1-ca3edb608d75,3,
STOP_c9fdaa14-1699-47fc-99af-d886d22c9431,STOP_cf45d44f-1408-4095-8d41-acb100f6c296,3,
STOP_c9fdaa14-1699-47fc-99af-d886d22c9431,STOP_fb97980b-5bcf-4c80-8e64-09de1c6358eb,3,
STOP_c9fdaa14-1699-47fc-99af-d886d22c9431,STOP_1b9f05b4-3df1-4213-b79b-3691ae2b29a2,3,
STOP_1b9f05b4-3df1-4213-b79b-3691ae2b29a2,364750,3,
STOP_1b9f05b4-3df1-4213-b79b-3691ae2b29a2,STOP_512e3bb4-a26d-474c-8ec1-ca3edb608d75,3,
STOP_1b9f05b4-3df1-4213-b79b-3691ae2b29a2,STOP_cf45d44f-1408-4095-8d41-acb100f6c296,3,
STOP_1b9f05b4-3df1-4213-b79b-3691ae2b29a2,STOP_fb97980b-5bcf-4c80-8e64-09de1c6358eb,3,
STOP_1b9f05b4-3df1-4213-b79b-3691ae2b29a2,STOP_c9fdaa14-1699-47fc-99af-d886d22c9431,3,
STOP_f5bf6e93-f408-4925-a8f7-880ec2c7f013,364758,3,
STOP_f5bf6e93-f408-4925-a8f7-880ec2c7f013,364755,3,
STOP_f5bf6e93-f408-4925-a8f7-880ec2c7f013,364756,3,
STOP_f5bf6e93-f408-4925-a8f7-880ec2c7f013,364751,3,
STOP_f5bf6e93-f408-4925-a8f7-880ec2c7f013,STOP_0bb67a21-f462-47cf-b583-bbf05609b1e2,3,
STOP_f5bf6e93-f408-4925-a8f7-880ec2c7f013,STOP_4b1efeed-c2fb-4934-b3e5-ff5e96084f5c,3,
STOP_f5bf6e93-f408-4925-a8f7-880ec2c7f013,STOP_aaa24966-5097-4b44-a581-47bfc1e3e7ac,3,
STOP_f5bf6e93-f408-4925-a8f7-880ec2c7f013,364746,3,
STOP_f5bf6e93-f408-4925-a8f7-880ec2c7f013,364744,3,
STOP_f5bf6e93-f408-4925-a8f7-880ec2c7f013,STOP_8518fa5c-6605-499b-8d8f-f212377f3c62,3,
q0fo,364798,3,
q0fo,364794,3,
q0fo,364766,3,
q0fo,364764,3,
q0fo,364765,3,
q0fo,364760,3,
q0fo,364761,3,
q0fo,364809,3,
q0fo,364792,3,
q0fo,364790,3,
q0fo,364783,3,
q0fo,364800,3,
q0fo,364782,3,
q0fo,364788,3,
q0fo,364808,3,
q0fo,364801,3,
q0fo,364802,3,
q0fo,364803,3,
q0fo,hbeh,3,
q0fo,364759,3,
q0fo,rd27,3,
q0fo,3i48,3,
q0fo,p1rq,3,
q0fo,69rr,3,
q0fo,364799,3,
q0fo,e5jq,3,
q0fo,STOP_7446e78f-4364-4c73-9995-c78bc7b63972,3,
q0fo,364767,3,
q0fo,STOP_13581b6a-1760-4862-8bfc-6955a15a6fde,3,
STOP_cdf0109c-a9de-4c42-9a0c-fc52f1acec8b,STOP_f0130282-d71b-4081-9157-fdf44d024f8c,3,
STOP_13581b6a-1760-4862-8bfc-6955a15a6fde,364798,3,
STOP_13581b6a-1760-4862-8bfc-6955a15a6fde,364794,3,
STOP_13581b6a-1760-4862-8bfc-6955a15a6fde,364795,3,
STOP_13581b6a-1760-4862-8bfc-6955a15a6fde,364768,3,
STOP_13581b6a-1760-4862-8bfc-6955a15a6fde,364764,3,
STOP_13581b6a-1760-4862-8bfc-6955a15a6fde,364762,3,
STOP_13581b6a-1760-4862-8bfc-6955a15a6fde,364760,3,
STOP_13581b6a-1760-4862-8bfc-6955a15a6fde,364761,3,
STOP_13581b6a-1760-4862-8bfc-6955a15a6fde,364775,3,
STOP_13581b6a-1760-4862-8bfc-6955a15a6fde,364809,3,
STOP_13581b6a-1760-4862-8bfc-6955a15a6fde,364792,3,
STOP_13581b6a-1760-4862-8bfc-6955a15a6fde,364790,3,
STOP_13581b6a-1760-4862-8bfc-6955a15a6fde,364800,3,
STOP_13581b6a-1760-4862-8bfc-6955a15a6fde,364806,3,
STOP_13581b6a-1760-4862-8bfc-6955a15a6fde,364807,3,
STOP_13581b6a-1760-4862-8bfc-6955a15a6fde,364808,3,
STOP_13581b6a-1760-4862-8bfc-6955a15a6fde,364801,3,
STOP_13581b6a-1760-4862-8bfc-6955a15a6fde,364802,3,
STOP_13581b6a-1760-4862-8bfc-6955a15a6fde,364803,3,
STOP_13581b6a-1760-4862-8bfc-6955a15a6fde,hbeh,3,
STOP_13581b6a-1760-4862-8bfc-6955a15a6fde,364759,3,
STOP_13581b6a-1760-4862-8bfc-6955a15a6fde,364804,3,
STOP_13581b6a-1760-4862-8bfc-6955a15a6fde,rd27,3,
STOP_13581b6a-1760-4862-8bfc-6955a15a6fde,3i48,3,
STOP_13581b6a-1760-4862-8bfc-6955a15a6fde,p1rq,3,
STOP_13581b6a-1760-4862-8bfc-6955a15a6fde,69rr,3,
STOP_13581b6a-1760-4862-8bfc-6955a15a6fde,e5jq,3,
STOP_13581b6a-1760-4862-8bfc-6955a15a6fde,STOP_5e72748e-99dd-43c0-9e79-0773a4afd1cd,3,
STOP_13581b6a-1760-4862-8bfc-6955a15a6fde,364767,3,
STOP_13581b6a-1760-4862-8bfc-6955a15a6fde,q0fo,3,
STOP_13581b6a-1760-4862-8bfc-6955a15a6fde,x2b2,3,
STOP_13581b6a-1760-4862-8bfc-6955a15a6fde,7uue,3,
STOP_13581b6a-1760-4862-8bfc-6955a15a6fde,go4g,3,
STOP_13581b6a-1760-4862-8bfc-6955a15a6fde,54by,3,
STOP_13581b6a-1760-4862-8bfc-6955a15a6fde,o4je,3,
STOP_13581b6a-1760-4862-8bfc-6955a15a6fde,wyv1,3,
STOP_13581b6a-1760-4862-8bfc-6955a15a6fde,5fez,3,
x2b2,364798,3,
x2b2,364794,3,
x2b2,364795,3,
x2b2,364768,3,
x2b2,364762,3,
x2b2,364760,3,
x2b2,364775,3,
x2b2,364809,3,
x2b2,364792,3,
x2b2,364800,3,
x2b2,364806,3,
x2b2,364807,3,
x2b2,364808,3,
x2b2,364801,3,
x2b2,364802,3,
x2b2,364803,3,
x2b2,hbeh,3,
x2b2,364759,3,
x2b2,364804,3,
x2b2,rd27,3,
x2b2,p1rq,3,
x2b2,69rr,3,
x2b2,STOP_5e72748e-99dd-43c0-9e79-0773a4afd1cd,3,
x2b2,364767,3,
x2b2,STOP_13581b6a-1760-4862-8bfc-6955a15a6fde,3,
x2b2,7uue,3,
x2b2,go4g,3,
x2b2,54by,3,
x2b2,o4je,3,
x2b2,5fez,3,
7uue,364798,3,
7uue,364794,3,
7uue,364764,3,
7uue,364762,3,
7uue,364763,3,
7uue,364760,3,
7uue,364761,3,
7uue,364775,3,
7uue,364809,3,
7uue,364792,3,
7uue,364790,3,
7uue,364800,3,
7uue,364805,3,
7uue,364806,3,
7uue,364807,3,
7uue,364808,3,
7uue,364801,3,
7uue,364802,3,
7uue,364803,3,
7uue,hbeh,3,
7uue,364759,3,
7uue,364804,3,
7uue,rd27,3,
7uue,3i48,3,
7uue,p1rq,3,
7uue,69rr,3,
7uue,364767,3,
7uue,STOP_13581b6a-1760-4862-8bfc-6955a15a6fde,3,
7uue,x2b2,3,
7uue,go4g,3,
7uue,54by,3,
7uue,o4je,3,
7uue,wyv1,3,
7uue,5fez,3,
go4g,364768,3,
go4g,364769,3,
go4g,364775,3,
go4g,364806,3,
go4g,364807,3,
go4g,STOP_5e72748e-99dd-43c0-9e79-0773a4afd1cd,3,
go4g,364767,3,
go4g,STOP_13581b6a-1760-4862-8bfc-6955a15a6fde,3,
go4g,x2b2,3,
go4g,7uue,3,
go4g,54by,3,
go4g,o4je,3,
54by,364775,3,
54by,364806,3,
54by,364807,3,
54by,364804,3,
54by,STOP_13581b6a-1760-4862-8bfc-6955a15a6fde,3,
54by,x2b2,3,
54by,7uue,3,
54by,go4g,3,
54by,o4je,3,
54by,wyv1,3,
54by,5fez,3,
o4je,364762,3,
o4je,364760,3,
o4je,364805,3,
o4je,364806,3,
o4je,364807,3,
o4je,364803,3,
o4je,364804,3,
o4je,69rr,3,
o4je,STOP_13581b6a-1760-4862-8bfc-6955a15a6fde,3,
o4je,x2b2,3,
o4je,7uue,3,
o4je,go4g,3,
o4je,54by,3,
o4je,wyv1,3,
o4je,5fez,3,
wyv1,364762,3,
wyv1,364763,3,
wyv1,364760,3,
wyv1,364761,3,
wyv1,364805,3,
wyv1,364806,3,
wyv1,364807,3,
wyv1,364803,3,
wyv1,364804,3,
wyv1,69rr,3,
wyv1,STOP_13581b6a-1760-4862-8bfc-6955a15a6fde,3,
wyv1,7uue,3,
wyv1,54by,3,
wyv1,o4je,3,
wyv1,5fez,3,
5fez,364764,3,
5fez,364762,3,
5fez,364763,3,
5fez,364760,3,
5fez,364761,3,
5fez,364809,3,
5fez,364792,3,
5fez,364805,3,
5fez,364806,3,
5fez,364807,3,
5fez,364808,3,
5fez,364801,3,
5fez,364802,3,
5fez,364803,3,
5fez,hbeh,3,
5fez,364759,3,
5fez,364804,3,
5fez,rd27,3,
5fez,3i48,3,
5fez,p1rq,3,
5fez,69rr,3,
5fez,364767,3,
5fez,STOP_13581b6a-1760-4862-8bfc-6955a15a6fde,3,
5fez,x2b2,3,
5fez,7uue,3,
5fez,54by,3,
5fez,o4je,3,
5fez,wyv1,3,
kr6p,hsem,3,
dvl3,8mw1,3,
6cli,lni1,3,
c50g,STOP_ddc1d189-e791-4529-a4d3-360499fe0ce8,3,
c50g,364770,3,
c50g,364780,3,
c50g,364773,3,
c50g,364776,3,
c50g,364778,3,
c50g,364779,3,
c50g,364781,3,
c50g,364777,3,
c50g,364771,3,
8mw1,dvl3,3,
hsem,kr6p,3,
lni1,6cli,3,
hoca,o9c7,3,
hoca,lv4j,3,
pt0e,ugbu,3,
ri3e,1p8a,3,
o9c7,hoca,3,
o9c7,lv4j,3,
ccy4,gpyq,3,
gpyq,ccy4,3,
ugbu,pt0e,3,
1p8a,ri3e,3,
lv4j,hoca,3,
lv4j,o9c7,3,
364771,STOP_ddc1d189-e791-4529-a4d3-360499fe0ce8,3,
364771,364770,3,
364771,364780,3,
364771,364773,3,
364771,364776,3,
364771,364778,3,
364771,364779,3,
364771,364781,3,
364771,c50g,3,
